1 0.21015625 0.43203125 0.153125 0.21875
1 0.50390625 0.13515625 0.18125 0.221875
1 0.7390625 0.45859375 0.353125 0.40625
1 0.3921875 0.31484375 0.2265625 0.3828125
1 0.71171875 0.84375 0.2546875 0.3046875
1 0.465625 0.7515625 0.2265625 0.3671875
1 0.28125 0.20078125 0.0953125 0.2140625
1 0.0421875 0.45625 0.075 0.153125
1 0.7328125 0.07734375 0.190625 0.146875
1 0.6296875 0.2875 0.11875 0.1890625
1 0.58125 0.5171875 0.1390625 0.2546875
1 0.9484375 0.3609375 0.0984375 0.1875
1 0.9671875 0.60546875 0.0546875 0.253125